40004000400040004000400040004000
40004000400040004000400040004000
40004000400040004000400040004000
40004000400040004000400040004000
40004000400040004000400040004000
40004000400040004000400040004000
40004000400040004000400040004000
40004000400040004000400040004000
40004000400040004000400040004000
40004000400040004000400040004000
40004000400040004000400040004000
40004000400040004000400040004000
40004000400040004000400040004000
40004000400040004000400040004000
40004000400040004000400040004000
40004000400040004000400040004000
